n,k,buckets,nLess_k,nLess_kHalf,nLess_kOdd,expGrowth,kOdd,x,offset,A005316
4,3,4,1,1,TRUE,TRUE,TRUE,1.57,1.556,7.47914459
5,4,6,1,1,TRUE,TRUE,FALSE,1.57,0.834,4.008744594
6,5,7,1,1,TRUE,TRUE,TRUE,1.57,1.556,7.47914459
7,6,9,1,1,TRUE,TRUE,FALSE,1.57,0.834,4.008744594
8,7,10,1,1,TRUE,TRUE,TRUE,1.57,1.556,7.47914459
9,8,12,1,1,TRUE,TRUE,FALSE,1.57,0.834,4.008744594
10,9,13,1,1,TRUE,TRUE,TRUE,1.57,1.556,7.47914459
11,10,15,1,1,TRUE,TRUE,FALSE,1.57,0.834,4.008744594
12,11,16,1,1,TRUE,TRUE,TRUE,1.57,1.556,7.47914459
13,12,18,1,1,TRUE,TRUE,FALSE,1.57,0.834,4.008744594
14,13,19,1,1,TRUE,TRUE,TRUE,1.57,1.556,7.47914459
15,14,21,1,1,TRUE,TRUE,FALSE,1.57,0.834,4.008744594
16,15,22,1,1,TRUE,TRUE,TRUE,1.57,1.556,7.47914459
17,16,24,1,1,TRUE,TRUE,FALSE,1.57,0.834,4.008744594
18,17,25,1,1,TRUE,TRUE,TRUE,1.57,1.556,7.47914459
19,18,27,1,1,TRUE,TRUE,FALSE,1.57,0.834,4.008744594
20,19,28,1,1,TRUE,TRUE,TRUE,1.57,1.556,7.47914459
21,20,30,1,1,TRUE,TRUE,FALSE,1.57,0.834,4.008744594
22,21,31,1,1,TRUE,TRUE,TRUE,1.57,1.556,7.47914459
23,22,33,1,1,TRUE,TRUE,FALSE,1.57,0.834,4.008744594
24,23,34,1,1,TRUE,TRUE,TRUE,1.57,1.556,7.47914459
25,24,36,1,1,TRUE,TRUE,FALSE,1.57,0.834,4.008744594
26,25,37,1,1,TRUE,TRUE,TRUE,1.57,1.556,7.47914459
27,26,39,1,1,TRUE,TRUE,FALSE,1.57,0.834,4.008744594
28,27,40,1,1,TRUE,TRUE,TRUE,1.57,1.556,7.47914459
29,28,42,1,1,TRUE,TRUE,FALSE,1.57,0.834,4.008744594
30,29,43,1,1,TRUE,TRUE,TRUE,1.57,1.556,7.47914459
31,30,45,1,1,TRUE,TRUE,FALSE,1.57,0.834,4.008744594
32,31,46,1,1,TRUE,TRUE,TRUE,1.57,1.556,7.47914459
33,32,48,1,1,TRUE,TRUE,FALSE,1.57,0.834,4.008744594
34,33,49,1,1,TRUE,TRUE,TRUE,1.57,1.556,7.47914459
35,34,51,1,1,TRUE,TRUE,FALSE,1.57,0.834,4.008744594
36,35,52,1,1,TRUE,TRUE,TRUE,1.57,1.556,7.47914459
37,36,54,1,1,TRUE,TRUE,FALSE,1.57,0.834,4.008744594
38,37,55,1,1,TRUE,TRUE,TRUE,1.57,1.556,7.47914459
39,38,57,1,1,TRUE,TRUE,FALSE,1.57,0.834,4.008744594
40,39,58,1,1,TRUE,TRUE,TRUE,1.57,1.556,7.47914459
41,40,60,1,1,TRUE,TRUE,FALSE,1.57,0.834,4.008744594
42,41,61,1,1,TRUE,TRUE,TRUE,1.57,1.556,7.47914459
43,42,63,1,1,TRUE,TRUE,FALSE,1.57,0.834,4.008744594
44,43,64,1,1,TRUE,TRUE,TRUE,1.57,1.556,7.47914459
45,44,66,1,1,TRUE,TRUE,FALSE,1.57,0.834,4.008744594
6,4,18,2,1,FALSE,TRUE,FALSE,1.57,1.5803,7.595946141
7,5,22,2,1,FALSE,TRUE,TRUE,1.57,1.8047,8.674557995
8,6,29,2,1,FALSE,TRUE,FALSE,1.57,1.5803,7.595946141
9,7,33,2,1,FALSE,TRUE,TRUE,1.57,1.8047,8.674557995
10,8,40,2,1,FALSE,TRUE,FALSE,1.57,1.5803,7.595946141
11,9,44,2,1,FALSE,TRUE,TRUE,1.57,1.8047,8.674557995
12,10,51,2,1,FALSE,TRUE,FALSE,1.57,1.5803,7.595946141
13,11,55,2,1,FALSE,TRUE,TRUE,1.57,1.8047,8.674557995
14,12,62,2,1,FALSE,TRUE,FALSE,1.57,1.5803,7.595946141
15,13,66,2,1,FALSE,TRUE,TRUE,1.57,1.8047,8.674557995
16,14,73,2,1,FALSE,TRUE,FALSE,1.57,1.5803,7.595946141
17,15,77,2,1,FALSE,TRUE,TRUE,1.57,1.8047,8.674557995
18,16,84,2,1,FALSE,TRUE,FALSE,1.57,1.5803,7.595946141
19,17,88,2,1,FALSE,TRUE,TRUE,1.57,1.8047,8.674557995
20,18,95,2,1,FALSE,TRUE,FALSE,1.57,1.5803,7.595946141
21,19,99,2,1,FALSE,TRUE,TRUE,1.57,1.8047,8.674557995
22,20,106,2,1,FALSE,TRUE,FALSE,1.57,1.5803,7.595946141
23,21,110,2,1,FALSE,TRUE,TRUE,1.57,1.8047,8.674557995
24,22,117,2,1,FALSE,TRUE,FALSE,1.57,1.5803,7.595946141
25,23,121,2,1,FALSE,TRUE,TRUE,1.57,1.8047,8.674557995
26,24,128,2,1,FALSE,TRUE,FALSE,1.57,1.5803,7.595946141
27,25,132,2,1,FALSE,TRUE,TRUE,1.57,1.8047,8.674557995
28,26,139,2,1,FALSE,TRUE,FALSE,1.57,1.5803,7.595946141
29,27,143,2,1,FALSE,TRUE,TRUE,1.57,1.8047,8.674557995
30,28,150,2,1,FALSE,TRUE,FALSE,1.57,1.5803,7.595946141
31,29,154,2,1,FALSE,TRUE,TRUE,1.57,1.8047,8.674557995
32,30,161,2,1,FALSE,TRUE,FALSE,1.57,1.5803,7.595946141
33,31,165,2,1,FALSE,TRUE,TRUE,1.57,1.8047,8.674557995
34,32,172,2,1,FALSE,TRUE,FALSE,1.57,1.5803,7.595946141
35,33,176,2,1,FALSE,TRUE,TRUE,1.57,1.8047,8.674557995
36,34,183,2,1,FALSE,TRUE,FALSE,1.57,1.5803,7.595946141
37,35,187,2,1,FALSE,TRUE,TRUE,1.57,1.8047,8.674557995
38,36,194,2,1,FALSE,TRUE,FALSE,1.57,1.5803,7.595946141
39,37,198,2,1,FALSE,TRUE,TRUE,1.57,1.8047,8.674557995
40,38,205,2,1,FALSE,TRUE,FALSE,1.57,1.5803,7.595946141
41,39,209,2,1,FALSE,TRUE,TRUE,1.57,1.8047,8.674557995
42,40,216,2,1,FALSE,TRUE,FALSE,1.57,1.5803,7.595946141
43,41,220,2,1,FALSE,TRUE,TRUE,1.57,1.8047,8.674557995
44,42,227,2,1,FALSE,TRUE,FALSE,1.57,1.5803,7.595946141
45,43,231,2,1,FALSE,TRUE,TRUE,1.57,1.8047,8.674557995
8,5,38,3,2,TRUE,TRUE,TRUE,3.14,1.556,35.94961683
9,6,55,3,2,TRUE,TRUE,FALSE,3.14,0.834,19.26862496
10,7,63,3,2,TRUE,TRUE,TRUE,3.14,1.556,35.94961683
11,8,80,3,2,TRUE,TRUE,FALSE,3.14,0.834,19.26862496
12,9,88,3,2,TRUE,TRUE,TRUE,3.14,1.556,35.94961683
13,10,105,3,2,TRUE,TRUE,FALSE,3.14,0.834,19.26862496
14,11,113,3,2,TRUE,TRUE,TRUE,3.14,1.556,35.94961683
15,12,130,3,2,TRUE,TRUE,FALSE,3.14,0.834,19.26862496
16,13,138,3,2,TRUE,TRUE,TRUE,3.14,1.556,35.94961683
17,14,155,3,2,TRUE,TRUE,FALSE,3.14,0.834,19.26862496
18,15,163,3,2,TRUE,TRUE,TRUE,3.14,1.556,35.94961683
19,16,180,3,2,TRUE,TRUE,FALSE,3.14,0.834,19.26862496
20,17,188,3,2,TRUE,TRUE,TRUE,3.14,1.556,35.94961683
21,18,205,3,2,TRUE,TRUE,FALSE,3.14,0.834,19.26862496
22,19,213,3,2,TRUE,TRUE,TRUE,3.14,1.556,35.94961683
23,20,230,3,2,TRUE,TRUE,FALSE,3.14,0.834,19.26862496
24,21,238,3,2,TRUE,TRUE,TRUE,3.14,1.556,35.94961683
25,22,255,3,2,TRUE,TRUE,FALSE,3.14,0.834,19.26862496
26,23,263,3,2,TRUE,TRUE,TRUE,3.14,1.556,35.94961683
27,24,280,3,2,TRUE,TRUE,FALSE,3.14,0.834,19.26862496
28,25,288,3,2,TRUE,TRUE,TRUE,3.14,1.556,35.94961683
29,26,305,3,2,TRUE,TRUE,FALSE,3.14,0.834,19.26862496
30,27,313,3,2,TRUE,TRUE,TRUE,3.14,1.556,35.94961683
31,28,330,3,2,TRUE,TRUE,FALSE,3.14,0.834,19.26862496
32,29,338,3,2,TRUE,TRUE,TRUE,3.14,1.556,35.94961683
33,30,355,3,2,TRUE,TRUE,FALSE,3.14,0.834,19.26862496
34,31,363,3,2,TRUE,TRUE,TRUE,3.14,1.556,35.94961683
35,32,380,3,2,TRUE,TRUE,FALSE,3.14,0.834,19.26862496
36,33,388,3,2,TRUE,TRUE,TRUE,3.14,1.556,35.94961683
37,34,405,3,2,TRUE,TRUE,FALSE,3.14,0.834,19.26862496
38,35,413,3,2,TRUE,TRUE,TRUE,3.14,1.556,35.94961683
39,36,430,3,2,TRUE,TRUE,FALSE,3.14,0.834,19.26862496
40,37,438,3,2,TRUE,TRUE,TRUE,3.14,1.556,35.94961683
41,38,455,3,2,TRUE,TRUE,FALSE,3.14,0.834,19.26862496
42,39,463,3,2,TRUE,TRUE,TRUE,3.14,1.556,35.94961683
43,40,480,3,2,TRUE,TRUE,FALSE,3.14,0.834,19.26862496
44,41,488,3,2,TRUE,TRUE,TRUE,3.14,1.556,35.94961683
45,42,505,3,2,TRUE,TRUE,FALSE,3.14,0.834,19.26862496
10,6,96,4,2,FALSE,TRUE,FALSE,3.14,1.5803,36.5110408
11,7,122,4,2,FALSE,TRUE,TRUE,3.14,1.8047,41.69554852
12,8,153,4,2,FALSE,TRUE,FALSE,3.14,1.5803,36.5110408
13,9,179,4,2,FALSE,TRUE,TRUE,3.14,1.8047,41.69554852
14,10,210,4,2,FALSE,TRUE,FALSE,3.14,1.5803,36.5110408
15,11,236,4,2,FALSE,TRUE,TRUE,3.14,1.8047,41.69554852
16,12,267,4,2,FALSE,TRUE,FALSE,3.14,1.5803,36.5110408
17,13,293,4,2,FALSE,TRUE,TRUE,3.14,1.8047,41.69554852
18,14,324,4,2,FALSE,TRUE,FALSE,3.14,1.5803,36.5110408
19,15,350,4,2,FALSE,TRUE,TRUE,3.14,1.8047,41.69554852
20,16,381,4,2,FALSE,TRUE,FALSE,3.14,1.5803,36.5110408
21,17,407,4,2,FALSE,TRUE,TRUE,3.14,1.8047,41.69554852
22,18,438,4,2,FALSE,TRUE,FALSE,3.14,1.5803,36.5110408
23,19,464,4,2,FALSE,TRUE,TRUE,3.14,1.8047,41.69554852
24,20,495,4,2,FALSE,TRUE,FALSE,3.14,1.5803,36.5110408
25,21,521,4,2,FALSE,TRUE,TRUE,3.14,1.8047,41.69554852
26,22,552,4,2,FALSE,TRUE,FALSE,3.14,1.5803,36.5110408
27,23,578,4,2,FALSE,TRUE,TRUE,3.14,1.8047,41.69554852
28,24,609,4,2,FALSE,TRUE,FALSE,3.14,1.5803,36.5110408
29,25,635,4,2,FALSE,TRUE,TRUE,3.14,1.8047,41.69554852
30,26,666,4,2,FALSE,TRUE,FALSE,3.14,1.5803,36.5110408
31,27,692,4,2,FALSE,TRUE,TRUE,3.14,1.8047,41.69554852
32,28,723,4,2,FALSE,TRUE,FALSE,3.14,1.5803,36.5110408
33,29,749,4,2,FALSE,TRUE,TRUE,3.14,1.8047,41.69554852
34,30,780,4,2,FALSE,TRUE,FALSE,3.14,1.5803,36.5110408
35,31,806,4,2,FALSE,TRUE,TRUE,3.14,1.8047,41.69554852
36,32,837,4,2,FALSE,TRUE,FALSE,3.14,1.5803,36.5110408
37,33,863,4,2,FALSE,TRUE,TRUE,3.14,1.8047,41.69554852
38,34,894,4,2,FALSE,TRUE,FALSE,3.14,1.5803,36.5110408
39,35,920,4,2,FALSE,TRUE,TRUE,3.14,1.8047,41.69554852
40,36,951,4,2,FALSE,TRUE,FALSE,3.14,1.5803,36.5110408
41,37,977,4,2,FALSE,TRUE,TRUE,3.14,1.8047,41.69554852
42,38,1008,4,2,FALSE,TRUE,FALSE,3.14,1.5803,36.5110408
43,39,1034,4,2,FALSE,TRUE,TRUE,3.14,1.8047,41.69554852
44,40,1065,4,2,FALSE,TRUE,FALSE,3.14,1.5803,36.5110408
45,41,1091,4,2,FALSE,TRUE,TRUE,3.14,1.8047,41.69554852
12,7,230,5,3,TRUE,TRUE,TRUE,4.71,1.556,172.7971608
13,8,312,5,3,TRUE,TRUE,FALSE,4.71,0.834,92.61750136
14,9,368,5,3,TRUE,TRUE,TRUE,4.71,1.556,172.7971608
15,10,452,5,3,TRUE,TRUE,FALSE,4.71,0.834,92.61750136
16,11,508,5,3,TRUE,TRUE,TRUE,4.71,1.556,172.7971608
17,12,592,5,3,TRUE,TRUE,FALSE,4.71,0.834,92.61750136
18,13,648,5,3,TRUE,TRUE,TRUE,4.71,1.556,172.7971608
19,14,732,5,3,TRUE,TRUE,FALSE,4.71,0.834,92.61750136
20,15,788,5,3,TRUE,TRUE,TRUE,4.71,1.556,172.7971608
21,16,872,5,3,TRUE,TRUE,FALSE,4.71,0.834,92.61750136
22,17,928,5,3,TRUE,TRUE,TRUE,4.71,1.556,172.7971608
23,18,1012,5,3,TRUE,TRUE,FALSE,4.71,0.834,92.61750136
24,19,1068,5,3,TRUE,TRUE,TRUE,4.71,1.556,172.7971608
25,20,1152,5,3,TRUE,TRUE,FALSE,4.71,0.834,92.61750136
26,21,1208,5,3,TRUE,TRUE,TRUE,4.71,1.556,172.7971608
27,22,1292,5,3,TRUE,TRUE,FALSE,4.71,0.834,92.61750136
28,23,1348,5,3,TRUE,TRUE,TRUE,4.71,1.556,172.7971608
29,24,1432,5,3,TRUE,TRUE,FALSE,4.71,0.834,92.61750136
30,25,1488,5,3,TRUE,TRUE,TRUE,4.71,1.556,172.7971608
31,26,1572,5,3,TRUE,TRUE,FALSE,4.71,0.834,92.61750136
32,27,1628,5,3,TRUE,TRUE,TRUE,4.71,1.556,172.7971608
33,28,1712,5,3,TRUE,TRUE,FALSE,4.71,0.834,92.61750136
34,29,1768,5,3,TRUE,TRUE,TRUE,4.71,1.556,172.7971608
35,30,1852,5,3,TRUE,TRUE,FALSE,4.71,0.834,92.61750136
36,31,1908,5,3,TRUE,TRUE,TRUE,4.71,1.556,172.7971608
37,32,1992,5,3,TRUE,TRUE,FALSE,4.71,0.834,92.61750136
38,33,2048,5,3,TRUE,TRUE,TRUE,4.71,1.556,172.7971608
39,34,2132,5,3,TRUE,TRUE,FALSE,4.71,0.834,92.61750136
40,35,2188,5,3,TRUE,TRUE,TRUE,4.71,1.556,172.7971608
41,36,2272,5,3,TRUE,TRUE,FALSE,4.71,0.834,92.61750136
42,37,2328,5,3,TRUE,TRUE,TRUE,4.71,1.556,172.7971608
43,38,2412,5,3,TRUE,TRUE,FALSE,4.71,0.834,92.61750136
44,39,2468,5,3,TRUE,TRUE,TRUE,4.71,1.556,172.7971608
45,40,2552,5,3,TRUE,TRUE,FALSE,4.71,0.834,92.61750136
14,8,530,6,3,FALSE,TRUE,FALSE,4.71,1.5803,175.4957283
15,9,677,6,3,FALSE,TRUE,TRUE,4.71,1.8047,200.415833
16,10,839,6,3,FALSE,TRUE,FALSE,4.71,1.5803,175.4957283
17,11,988,6,3,FALSE,TRUE,TRUE,4.71,1.8047,200.415833
18,12,1152,6,3,FALSE,TRUE,FALSE,4.71,1.5803,175.4957283
19,13,1301,6,3,FALSE,TRUE,TRUE,4.71,1.8047,200.415833
20,14,1465,6,3,FALSE,TRUE,FALSE,4.71,1.5803,175.4957283
21,15,1614,6,3,FALSE,TRUE,TRUE,4.71,1.8047,200.415833
22,16,1778,6,3,FALSE,TRUE,FALSE,4.71,1.5803,175.4957283
23,17,1927,6,3,FALSE,TRUE,TRUE,4.71,1.8047,200.415833
24,18,2091,6,3,FALSE,TRUE,FALSE,4.71,1.5803,175.4957283
25,19,2240,6,3,FALSE,TRUE,TRUE,4.71,1.8047,200.415833
26,20,2404,6,3,FALSE,TRUE,FALSE,4.71,1.5803,175.4957283
27,21,2553,6,3,FALSE,TRUE,TRUE,4.71,1.8047,200.415833
28,22,2717,6,3,FALSE,TRUE,FALSE,4.71,1.5803,175.4957283
29,23,2866,6,3,FALSE,TRUE,TRUE,4.71,1.8047,200.415833
30,24,3030,6,3,FALSE,TRUE,FALSE,4.71,1.5803,175.4957283
31,25,3179,6,3,FALSE,TRUE,TRUE,4.71,1.8047,200.415833
32,26,3343,6,3,FALSE,TRUE,FALSE,4.71,1.5803,175.4957283
33,27,3492,6,3,FALSE,TRUE,TRUE,4.71,1.8047,200.415833
34,28,3656,6,3,FALSE,TRUE,FALSE,4.71,1.5803,175.4957283
35,29,3805,6,3,FALSE,TRUE,TRUE,4.71,1.8047,200.415833
36,30,3969,6,3,FALSE,TRUE,FALSE,4.71,1.5803,175.4957283
37,31,4118,6,3,FALSE,TRUE,TRUE,4.71,1.8047,200.415833
38,32,4282,6,3,FALSE,TRUE,FALSE,4.71,1.5803,175.4957283
39,33,4431,6,3,FALSE,TRUE,TRUE,4.71,1.8047,200.415833
40,34,4595,6,3,FALSE,TRUE,FALSE,4.71,1.5803,175.4957283
41,35,4744,6,3,FALSE,TRUE,TRUE,4.71,1.8047,200.415833
42,36,4908,6,3,FALSE,TRUE,FALSE,4.71,1.5803,175.4957283
43,37,5057,6,3,FALSE,TRUE,TRUE,4.71,1.8047,200.415833
44,38,5221,6,3,FALSE,TRUE,FALSE,4.71,1.5803,175.4957283
45,39,5370,6,3,FALSE,TRUE,TRUE,4.71,1.8047,200.415833
16,9,1246,7,4,TRUE,TRUE,TRUE,6.28,1.556,830.5751609
17,10,1641,7,4,TRUE,TRUE,FALSE,6.28,0.834,445.1797456
18,11,1956,7,4,TRUE,TRUE,TRUE,6.28,1.556,830.5751609
19,12,2373,7,4,TRUE,TRUE,FALSE,6.28,0.834,445.1797456
20,13,2690,7,4,TRUE,TRUE,TRUE,6.28,1.556,830.5751609
21,14,3109,7,4,TRUE,TRUE,FALSE,6.28,0.834,445.1797456
22,15,3426,7,4,TRUE,TRUE,TRUE,6.28,1.556,830.5751609
23,16,3845,7,4,TRUE,TRUE,FALSE,6.28,0.834,445.1797456
24,17,4162,7,4,TRUE,TRUE,TRUE,6.28,1.556,830.5751609
25,18,4581,7,4,TRUE,TRUE,FALSE,6.28,0.834,445.1797456
26,19,4898,7,4,TRUE,TRUE,TRUE,6.28,1.556,830.5751609
27,20,5317,7,4,TRUE,TRUE,FALSE,6.28,0.834,445.1797456
28,21,5634,7,4,TRUE,TRUE,TRUE,6.28,1.556,830.5751609
29,22,6053,7,4,TRUE,TRUE,FALSE,6.28,0.834,445.1797456
30,23,6370,7,4,TRUE,TRUE,TRUE,6.28,1.556,830.5751609
31,24,6789,7,4,TRUE,TRUE,FALSE,6.28,0.834,445.1797456
32,25,7106,7,4,TRUE,TRUE,TRUE,6.28,1.556,830.5751609
33,26,7525,7,4,TRUE,TRUE,FALSE,6.28,0.834,445.1797456
34,27,7842,7,4,TRUE,TRUE,TRUE,6.28,1.556,830.5751609
35,28,8261,7,4,TRUE,TRUE,FALSE,6.28,0.834,445.1797456
36,29,8578,7,4,TRUE,TRUE,TRUE,6.28,1.556,830.5751609
37,30,8997,7,4,TRUE,TRUE,FALSE,6.28,0.834,445.1797456
38,31,9314,7,4,TRUE,TRUE,TRUE,6.28,1.556,830.5751609
39,32,9733,7,4,TRUE,TRUE,FALSE,6.28,0.834,445.1797456
40,33,10050,7,4,TRUE,TRUE,TRUE,6.28,1.556,830.5751609
41,34,10469,7,4,TRUE,TRUE,FALSE,6.28,0.834,445.1797456
42,35,10786,7,4,TRUE,TRUE,TRUE,6.28,1.556,830.5751609
43,36,11205,7,4,TRUE,TRUE,FALSE,6.28,0.834,445.1797456
44,37,11522,7,4,TRUE,TRUE,TRUE,6.28,1.556,830.5751609
45,38,11941,7,4,TRUE,TRUE,FALSE,6.28,0.834,445.1797456
18,10,2901,8,4,FALSE,TRUE,FALSE,6.28,1.5803,843.5462254
19,11,3681,8,4,FALSE,TRUE,TRUE,6.28,1.8047,963.3284016
20,12,4523,8,4,FALSE,TRUE,FALSE,6.28,1.5803,843.5462254
21,13,5329,8,4,FALSE,TRUE,TRUE,6.28,1.8047,963.3284016
22,14,6197,8,4,FALSE,TRUE,FALSE,6.28,1.5803,843.5462254
23,15,7005,8,4,FALSE,TRUE,TRUE,6.28,1.8047,963.3284016
24,16,7875,8,4,FALSE,TRUE,FALSE,6.28,1.5803,843.5462254
25,17,8683,8,4,FALSE,TRUE,TRUE,6.28,1.8047,963.3284016
26,18,9553,8,4,FALSE,TRUE,FALSE,6.28,1.5803,843.5462254
27,19,10361,8,4,FALSE,TRUE,TRUE,6.28,1.8047,963.3284016
28,20,11231,8,4,FALSE,TRUE,FALSE,6.28,1.5803,843.5462254
29,21,12039,8,4,FALSE,TRUE,TRUE,6.28,1.8047,963.3284016
30,22,12909,8,4,FALSE,TRUE,FALSE,6.28,1.5803,843.5462254
31,23,13717,8,4,FALSE,TRUE,TRUE,6.28,1.8047,963.3284016
32,24,14587,8,4,FALSE,TRUE,FALSE,6.28,1.5803,843.5462254
33,25,15395,8,4,FALSE,TRUE,TRUE,6.28,1.8047,963.3284016
34,26,16265,8,4,FALSE,TRUE,FALSE,6.28,1.5803,843.5462254
35,27,17073,8,4,FALSE,TRUE,TRUE,6.28,1.8047,963.3284016
36,28,17943,8,4,FALSE,TRUE,FALSE,6.28,1.5803,843.5462254
37,29,18751,8,4,FALSE,TRUE,TRUE,6.28,1.8047,963.3284016
38,30,19621,8,4,FALSE,TRUE,FALSE,6.28,1.5803,843.5462254
39,31,20429,8,4,FALSE,TRUE,TRUE,6.28,1.8047,963.3284016
40,32,21299,8,4,FALSE,TRUE,FALSE,6.28,1.5803,843.5462254
41,33,22107,8,4,FALSE,TRUE,TRUE,6.28,1.8047,963.3284016
42,34,22977,8,4,FALSE,TRUE,FALSE,6.28,1.5803,843.5462254
43,35,23785,8,4,FALSE,TRUE,TRUE,6.28,1.8047,963.3284016
44,36,24655,8,4,FALSE,TRUE,FALSE,6.28,1.5803,843.5462254
45,37,25463,8,4,FALSE,TRUE,TRUE,6.28,1.8047,963.3284016
20,11,6656,9,5,TRUE,TRUE,TRUE,7.85,1.556,3992.282597
21,12,8588,9,5,TRUE,TRUE,FALSE,7.85,0.834,2139.82242
22,13,10261,9,5,TRUE,TRUE,TRUE,7.85,1.556,3992.282597
23,14,12353,9,5,TRUE,TRUE,FALSE,7.85,0.834,2139.82242
24,15,14056,9,5,TRUE,TRUE,TRUE,7.85,1.556,3992.282597
25,16,16178,9,5,TRUE,TRUE,FALSE,7.85,0.834,2139.82242
26,17,17883,9,5,TRUE,TRUE,TRUE,7.85,1.556,3992.282597
27,18,20007,9,5,TRUE,TRUE,FALSE,7.85,0.834,2139.82242
28,19,21712,9,5,TRUE,TRUE,TRUE,7.85,1.556,3992.282597
29,20,23836,9,5,TRUE,TRUE,FALSE,7.85,0.834,2139.82242
30,21,25541,9,5,TRUE,TRUE,TRUE,7.85,1.556,3992.282597
31,22,27665,9,5,TRUE,TRUE,FALSE,7.85,0.834,2139.82242
32,23,29370,9,5,TRUE,TRUE,TRUE,7.85,1.556,3992.282597
33,24,31494,9,5,TRUE,TRUE,FALSE,7.85,0.834,2139.82242
34,25,33199,9,5,TRUE,TRUE,TRUE,7.85,1.556,3992.282597
35,26,35323,9,5,TRUE,TRUE,FALSE,7.85,0.834,2139.82242
36,27,37028,9,5,TRUE,TRUE,TRUE,7.85,1.556,3992.282597
37,28,39152,9,5,TRUE,TRUE,FALSE,7.85,0.834,2139.82242
38,29,40857,9,5,TRUE,TRUE,TRUE,7.85,1.556,3992.282597
39,30,42981,9,5,TRUE,TRUE,FALSE,7.85,0.834,2139.82242
40,31,44686,9,5,TRUE,TRUE,TRUE,7.85,1.556,3992.282597
41,32,46810,9,5,TRUE,TRUE,FALSE,7.85,0.834,2139.82242
42,33,48515,9,5,TRUE,TRUE,TRUE,7.85,1.556,3992.282597
43,34,50639,9,5,TRUE,TRUE,FALSE,7.85,0.834,2139.82242
44,35,52344,9,5,TRUE,TRUE,TRUE,7.85,1.556,3992.282597
45,36,54468,9,5,TRUE,TRUE,FALSE,7.85,0.834,2139.82242
22,12,15617,10,5,FALSE,TRUE,FALSE,7.85,1.5803,4054.629941
23,13,19613,10,5,FALSE,TRUE,TRUE,7.85,1.8047,4630.380722
24,14,23886,10,5,FALSE,TRUE,FALSE,7.85,1.5803,4054.629941
25,15,28096,10,5,FALSE,TRUE,TRUE,7.85,1.8047,4630.380722
26,16,32583,10,5,FALSE,TRUE,FALSE,7.85,1.5803,4054.629941
27,17,36827,10,5,FALSE,TRUE,TRUE,7.85,1.8047,4630.380722
28,18,41348,10,5,FALSE,TRUE,FALSE,7.85,1.5803,4054.629941
29,19,45594,10,5,FALSE,TRUE,TRUE,7.85,1.8047,4630.380722
30,20,50117,10,5,FALSE,TRUE,FALSE,7.85,1.5803,4054.629941
31,21,54363,10,5,FALSE,TRUE,TRUE,7.85,1.8047,4630.380722
32,22,58886,10,5,FALSE,TRUE,FALSE,7.85,1.5803,4054.629941
33,23,63132,10,5,FALSE,TRUE,TRUE,7.85,1.8047,4630.380722
34,24,67655,10,5,FALSE,TRUE,FALSE,7.85,1.5803,4054.629941
35,25,71901,10,5,FALSE,TRUE,TRUE,7.85,1.8047,4630.380722
36,26,76424,10,5,FALSE,TRUE,FALSE,7.85,1.5803,4054.629941
37,27,80670,10,5,FALSE,TRUE,TRUE,7.85,1.8047,4630.380722
38,28,85193,10,5,FALSE,TRUE,FALSE,7.85,1.5803,4054.629941
39,29,89439,10,5,FALSE,TRUE,TRUE,7.85,1.8047,4630.380722
40,30,93962,10,5,FALSE,TRUE,FALSE,7.85,1.5803,4054.629941
41,31,98208,10,5,FALSE,TRUE,TRUE,7.85,1.8047,4630.380722
42,32,102731,10,5,FALSE,TRUE,FALSE,7.85,1.5803,4054.629941
43,33,106977,10,5,FALSE,TRUE,TRUE,7.85,1.8047,4630.380722
44,34,111500,10,5,FALSE,TRUE,FALSE,7.85,1.5803,4054.629941
45,35,115746,10,5,FALSE,TRUE,TRUE,7.85,1.8047,4630.380722
24,13,35546,11,6,TRUE,TRUE,TRUE,9.42,1.556,19189.49793
25,14,45056,11,6,TRUE,TRUE,FALSE,9.42,0.834,10285.37357
26,15,53729,11,6,TRUE,TRUE,TRUE,9.42,1.556,19189.49793
27,16,64215,11,6,TRUE,TRUE,FALSE,9.42,0.834,10285.37357
28,17,73164,11,6,TRUE,TRUE,TRUE,9.42,1.556,19189.49793
29,18,83926,11,6,TRUE,TRUE,FALSE,9.42,0.834,10285.37357
30,19,92913,11,6,TRUE,TRUE,TRUE,9.42,1.556,19189.49793
31,20,103713,11,6,TRUE,TRUE,FALSE,9.42,0.834,10285.37357
32,21,112702,11,6,TRUE,TRUE,TRUE,9.42,1.556,19189.49793
33,22,123504,11,6,TRUE,TRUE,FALSE,9.42,0.834,10285.37357
34,23,132493,11,6,TRUE,TRUE,TRUE,9.42,1.556,19189.49793
35,24,143295,11,6,TRUE,TRUE,FALSE,9.42,0.834,10285.37357
36,25,152284,11,6,TRUE,TRUE,TRUE,9.42,1.556,19189.49793
37,26,163086,11,6,TRUE,TRUE,FALSE,9.42,0.834,10285.37357
38,27,172075,11,6,TRUE,TRUE,TRUE,9.42,1.556,19189.49793
39,28,182877,11,6,TRUE,TRUE,FALSE,9.42,0.834,10285.37357
40,29,191866,11,6,TRUE,TRUE,TRUE,9.42,1.556,19189.49793
41,30,202668,11,6,TRUE,TRUE,FALSE,9.42,0.834,10285.37357
42,31,211657,11,6,TRUE,TRUE,TRUE,9.42,1.556,19189.49793
43,32,222459,11,6,TRUE,TRUE,FALSE,9.42,0.834,10285.37357
44,33,231448,11,6,TRUE,TRUE,TRUE,9.42,1.556,19189.49793
45,34,242250,11,6,TRUE,TRUE,FALSE,9.42,0.834,10285.37357
26,14,83119,12,6,FALSE,TRUE,FALSE,9.42,1.5803,19489.17968
27,15,103210,12,6,FALSE,TRUE,TRUE,9.42,1.8047,22256.61113
28,16,124546,12,6,FALSE,TRUE,FALSE,9.42,1.5803,19489.17968
29,17,146073,12,6,FALSE,TRUE,TRUE,9.42,1.8047,22256.61113
30,18,168843,12,6,FALSE,TRUE,FALSE,9.42,1.5803,19489.17968
31,19,190716,12,6,FALSE,TRUE,TRUE,9.42,1.8047,22256.61113
32,20,213832,12,6,FALSE,TRUE,FALSE,9.42,1.5803,19489.17968
33,21,235747,12,6,FALSE,TRUE,TRUE,9.42,1.8047,22256.61113
34,22,258905,12,6,FALSE,TRUE,FALSE,9.42,1.5803,19489.17968
35,23,280822,12,6,FALSE,TRUE,TRUE,9.42,1.8047,22256.61113
36,24,303982,12,6,FALSE,TRUE,FALSE,9.42,1.5803,19489.17968
37,25,325899,12,6,FALSE,TRUE,TRUE,9.42,1.8047,22256.61113
38,26,349059,12,6,FALSE,TRUE,FALSE,9.42,1.5803,19489.17968
39,27,370976,12,6,FALSE,TRUE,TRUE,9.42,1.8047,22256.61113
40,28,394136,12,6,FALSE,TRUE,FALSE,9.42,1.5803,19489.17968
41,29,416053,12,6,FALSE,TRUE,TRUE,9.42,1.8047,22256.61113
42,30,439213,12,6,FALSE,TRUE,FALSE,9.42,1.5803,19489.17968
43,31,461130,12,6,FALSE,TRUE,TRUE,9.42,1.8047,22256.61113
44,32,484290,12,6,FALSE,TRUE,FALSE,9.42,1.5803,19489.17968
45,33,506207,12,6,FALSE,TRUE,TRUE,9.42,1.8047,22256.61113
28,15,189339,13,7,TRUE,TRUE,TRUE,10.99,1.556,92237.16558
29,16,236133,13,7,TRUE,TRUE,FALSE,10.99,0.834,49438.1723
30,17,280349,13,7,TRUE,TRUE,TRUE,10.99,1.556,92237.16558
31,18,332563,13,7,TRUE,TRUE,FALSE,10.99,0.834,49438.1723
32,19,378801,13,7,TRUE,TRUE,TRUE,10.99,1.556,92237.16558
33,20,433035,13,7,TRUE,TRUE,FALSE,10.99,0.834,49438.1723
34,21,479697,13,7,TRUE,TRUE,TRUE,10.99,1.556,92237.16558
35,22,534355,13,7,TRUE,TRUE,FALSE,10.99,0.834,49438.1723
36,23,581063,13,7,TRUE,TRUE,TRUE,10.99,1.556,92237.16558
37,24,635767,13,7,TRUE,TRUE,FALSE,10.99,0.834,49438.1723
38,25,682477,13,7,TRUE,TRUE,TRUE,10.99,1.556,92237.16558
39,26,737183,13,7,TRUE,TRUE,FALSE,10.99,0.834,49438.1723
40,27,783893,13,7,TRUE,TRUE,TRUE,10.99,1.556,92237.16558
41,28,838599,13,7,TRUE,TRUE,FALSE,10.99,0.834,49438.1723
42,29,885309,13,7,TRUE,TRUE,TRUE,10.99,1.556,92237.16558
43,30,940015,13,7,TRUE,TRUE,FALSE,10.99,0.834,49438.1723
44,31,986725,13,7,TRUE,TRUE,TRUE,10.99,1.556,92237.16558
45,32,1041431,13,7,TRUE,TRUE,FALSE,10.99,0.834,49438.1723
30,16,439394,14,7,FALSE,TRUE,FALSE,10.99,1.5803,93677.63032
31,17,539352,14,7,FALSE,TRUE,TRUE,10.99,1.8047,106979.6997
32,18,644901,14,7,FALSE,TRUE,FALSE,10.99,1.5803,93677.63032
33,19,753455,14,7,FALSE,TRUE,TRUE,10.99,1.8047,106979.6997
34,20,867568,14,7,FALSE,TRUE,FALSE,10.99,1.5803,93677.63032
35,21,978874,14,7,FALSE,TRUE,TRUE,10.99,1.8047,106979.6997
36,22,1095737,14,7,FALSE,TRUE,FALSE,10.99,1.5803,93677.63032
37,23,1207553,14,7,FALSE,TRUE,TRUE,10.99,1.8047,106979.6997
38,24,1324926,14,7,FALSE,TRUE,FALSE,10.99,1.5803,93677.63032
39,25,1436792,14,7,FALSE,TRUE,TRUE,10.99,1.8047,106979.6997
40,26,1554215,14,7,FALSE,TRUE,FALSE,10.99,1.5803,93677.63032
41,27,1666083,14,7,FALSE,TRUE,TRUE,10.99,1.8047,106979.6997
42,28,1783508,14,7,FALSE,TRUE,FALSE,10.99,1.5803,93677.63032
43,29,1895376,14,7,FALSE,TRUE,TRUE,10.99,1.8047,106979.6997
44,30,2012801,14,7,FALSE,TRUE,FALSE,10.99,1.5803,93677.63032
45,31,2124669,14,7,FALSE,TRUE,TRUE,10.99,1.8047,106979.6997
32,17,1003146,15,8,TRUE,TRUE,TRUE,12.56,1.556,443351.6054
33,18,1232751,15,8,TRUE,TRUE,FALSE,12.56,0.834,237631.9016
34,19,1455199,15,8,TRUE,TRUE,TRUE,12.56,1.556,443351.6054
35,20,1713264,15,8,TRUE,TRUE,FALSE,12.56,0.834,237631.9016
36,21,1948698,15,8,TRUE,TRUE,TRUE,12.56,1.556,443351.6054
37,22,2219713,15,8,TRUE,TRUE,FALSE,12.56,0.834,237631.9016
38,23,2458789,15,8,TRUE,TRUE,TRUE,12.56,1.556,443351.6054
39,24,2733444,15,8,TRUE,TRUE,FALSE,12.56,0.834,237631.9016
40,25,2973124,15,8,TRUE,TRUE,TRUE,12.56,1.556,443351.6054
41,26,3248383,15,8,TRUE,TRUE,FALSE,12.56,0.834,237631.9016
42,27,3488117,15,8,TRUE,TRUE,TRUE,12.56,1.556,443351.6054
43,28,3763430,15,8,TRUE,TRUE,FALSE,12.56,0.834,237631.9016
44,29,4003166,15,8,TRUE,TRUE,TRUE,12.56,1.556,443351.6054
45,30,4278481,15,8,TRUE,TRUE,FALSE,12.56,0.834,237631.9016
34,18,2311329,16,8,FALSE,TRUE,FALSE,12.56,1.5803,450275.4126
35,19,2805336,16,8,FALSE,TRUE,TRUE,12.56,1.8047,514213.7803
36,20,3324541,16,8,FALSE,TRUE,FALSE,12.56,1.5803,450275.4126
37,21,3866456,16,8,FALSE,TRUE,TRUE,12.56,1.8047,514213.7803
38,22,4433267,16,8,FALSE,TRUE,FALSE,12.56,1.5803,450275.4126
39,23,4994096,16,8,FALSE,TRUE,TRUE,12.56,1.8047,514213.7803
40,24,5579781,16,8,FALSE,TRUE,FALSE,12.56,1.5803,450275.4126
41,25,6145318,16,8,FALSE,TRUE,TRUE,12.56,1.8047,514213.7803
42,26,6735709,16,8,FALSE,TRUE,FALSE,12.56,1.5803,450275.4126
43,27,7301952,16,8,FALSE,TRUE,TRUE,12.56,1.8047,514213.7803
44,28,7893049,16,8,FALSE,TRUE,FALSE,12.56,1.5803,450275.4126
45,29,8459350,16,8,FALSE,TRUE,TRUE,12.56,1.8047,514213.7803
36,19,5281405,17,9,TRUE,TRUE,TRUE,14.13,1.556,2131035.193
37,20,6404525,17,9,TRUE,TRUE,FALSE,14.13,0.834,1142212.951
38,21,7512109,17,9,TRUE,TRUE,TRUE,14.13,1.556,2131035.193
39,22,8779423,17,9,TRUE,TRUE,FALSE,14.13,0.834,1142212.951
40,23,9963639,17,9,TRUE,TRUE,TRUE,14.13,1.556,2131035.193
41,24,11307209,17,9,TRUE,TRUE,FALSE,14.13,0.834,1142212.951
42,25,12518133,17,9,TRUE,TRUE,TRUE,14.13,1.556,2131035.193
43,26,13888367,17,9,TRUE,TRUE,FALSE,14.13,0.834,1142212.951
44,27,15105257,17,9,TRUE,TRUE,TRUE,14.13,1.556,2131035.193
45,28,16481455,17,9,TRUE,TRUE,FALSE,14.13,0.834,1142212.951
38,20,12103327,18,9,FALSE,TRUE,FALSE,14.13,1.5803,2164315.498
39,21,14532802,18,9,FALSE,TRUE,TRUE,14.13,1.8047,2471644.738
40,22,17076571,18,9,FALSE,TRUE,FALSE,14.13,1.5803,2164315.498
41,23,19760568,18,9,FALSE,TRUE,TRUE,14.13,1.8047,2471644.738
42,24,22556659,18,9,FALSE,TRUE,FALSE,14.13,1.5803,2164315.498
43,25,25358758,18,9,FALSE,TRUE,TRUE,14.13,1.8047,2471644.738
44,26,28272493,18,9,FALSE,TRUE,FALSE,14.13,1.5803,2164315.498
45,27,31111320,18,9,FALSE,TRUE,TRUE,14.13,1.8047,2471644.738
40,21,27635220,19,10,TRUE,TRUE,TRUE,15.7,1.556,10243136.46
41,22,33113935,19,10,TRUE,TRUE,FALSE,15.7,0.834,5490215.816
42,23,38585142,19,10,TRUE,TRUE,TRUE,15.7,1.556,10243136.46
43,24,44777107,19,10,TRUE,TRUE,FALSE,15.7,0.834,5490215.816
44,25,50675012,19,10,TRUE,TRUE,TRUE,15.7,1.556,10243136.46
45,26,57290683,19,10,TRUE,TRUE,FALSE,15.7,0.834,5490215.816
42,22,63087090,20,10,FALSE,TRUE,FALSE,15.7,1.5803,10403103.18
43,23,74987273,20,10,FALSE,TRUE,TRUE,15.7,1.8047,11880326.72
44,24,87409266,20,10,FALSE,TRUE,FALSE,15.7,1.5803,10403103.18
45,25,100616971,20,10,FALSE,TRUE,TRUE,15.7,1.8047,11880326.72
44,23,143780447,21,11,TRUE,TRUE,TRUE,17.27,1.556,49235153.37
45,24,170443790,21,11,TRUE,TRUE,FALSE,17.27,0.834,26389535.93
